african_great_lakes={
	location=4064
	color={
		57 168 220 
	}
	inland=yes
	outgoing={
		name="zanzibar"
		path={
			1202 
		}
		control={
			3612.000000 1095.000000 3657.000000 1051.000000 3711.000000 1011.000000 
		}
	}
	outgoing={
		name="kongo"
		path={
			4063 4070 4099 
		}
		control={
			3554.000000 1076.000000 3545.000000 994.000000 3485.000000 985.000000 
		}
	}
	members={
		1649 4061 4062 4063 4064 4065 4066 4067 4068 4070 4074 4075 
	}
}
kongo={
	location=4097
	color={
		171 148 148 
	}
	inland=yes
	outgoing={
		name="ivory_coast"
		path={
			1170 1464 
		}
		control={
			3422.000000 988.000000 3395.000000 1015.000000 3353.000000 1011.000000 3297.000000 1030.000000 3258.000000 999.000000 3210.000000 975.000000 3179.000000 994.000000 3146.000000 1064.000000 3095.000000 1140.000000 3036.000000 1159.000000 
		}
	}
	outgoing={
		name="zambezi"
		path={
			1191 1187 
		}
		control={
			3446.000000 924.000000 3455.000000 880.000000 3504.000000 817.000000 3577.000000 815.000000 
		}
	}
	members={
		798 1169 1170 1901 2948 2949 4081 4082 4083 4085 4086 4087 4088 4089 4090 4091 4092 4093 4094 4095 4096 4107 4098 4100 4101 4102 4103 4097 4099 4105 4109 
	}
}
zambezi={
	location=1191
	color={
		32 164 51 
	}
	inland=yes
	outgoing={
		name="zanzibar"
		path={
			1192 1195 1196 
		}
		control={
			3658.000000 755.000000 3721.000000 806.000000 3723.000000 890.000000 3710.000000 947.000000 
		}
	}
	members={
		1184 1185 1187 1188 1189 1190 1191 2950 2951 2952 
	}
}
patagonia={
	location=2868
	color={
		72 191 161 
	}
	outgoing={
		name="laplata"
		path={
			1537 1536 
		}
		control={
			1916.000000 314.000000 
		}
	}
	outgoing={
		name="polynesia_node"
		path={
			2870 785 784 1542 1704 1710 1713 1741 1740 1736 1699 1732 
		}
		control={
			1884.000000 291.000000 1855.000000 198.000000 1797.000000 113.000000 1929.000000 80.000000 1837.000000 20.000000 1485.000000 149.000000 
		}
	}
	members={
		2868 2869 786 2873 2874 780 781 782 783 2870 2863 784 787 2862 785 2867 2871 2872 
	}
}
amazonas_node={
	location=2935
	color={
		97 140 100 
	}
	outgoing={
		name="brazil"
		path={
			1529 1530 1531 
		}
		control={
			2093.199951 1058.560059 2121.000000 1059.000000 2159.000000 1086.000000 2290.000000 1054.000000 2377.000000 995.000000 
		}
	}
	outgoing={
		name="carribean_trade"
		path={
			1529 1528 1576 1522 1520 1519 1517 1516 
		}
		control={
			2083.000000 1072.000000 2099.000000 1093.000000 2112.000000 1115.000000 2092.000000 1193.000000 1931.000000 1292.000000 1743.000000 1328.000000 
		}
	}
	members={
		2909 2910 2911 2929 2930 2931 2933 2934 2935 2937 2938 2804 2811 742 744 747 748 749 2890 2923 2924 2926 2927 2928 745 746 2936 502 743 2803 752 2886 2925 4617 
	}
}
james_bay={
	location=1486
	color={
		97 220 117 
	}
	outgoing={
		name="st_lawrence"
		path={
			1000 1002 992 993 990 994 1490 
		}
		control={
			1541.000000 2247.000000 1571.000000 2330.000000 1699.000000 2335.000000 1782.000000 2296.000000 1877.000000 2275.000000 1943.000000 2190.000000 2011.000000 2114.000000 2010.000000 2086.000000 1972.000000 2065.000000 
		}
	}
	outgoing={
		name="california"
		path={
			1000 
		}
		control={
			1358.000000 2202.000000 1335.000000 2193.000000 1324.000000 2185.000000 1288.000000 2180.000000 1268.000000 2157.000000 1254.000000 2148.000000 1260.000000 2135.000000 1238.000000 2115.000000 1211.000000 2120.000000 1200.000000 2121.000000 1191.000000 2129.000000 1183.000000 2126.000000 1167.000000 2131.000000 1160.000000 2122.000000 1152.000000 2120.000000 1143.000000 2113.000000 1131.000000 2110.000000 1109.000000 2110.000000 1091.000000 2091.000000 1025.000000 2124.000000 990.000000 2129.000000 971.000000 2115.000000 948.000000 2107.000000 950.000000 2090.000000 933.000000 2094.000000 919.010010 2084.620117 922.000000 2065.000000 888.000000 2085.000000 899.760010 2051.370117 893.000000 2031.000000 903.000000 2020.000000 895.000000 2009.000000 890.000000 1996.000000 868.000000 1998.000000 855.000000 1985.000000 879.000000 1959.000000 816.000000 1947.000000 786.000000 1960.000000 760.000000 1895.000000 779.000000 1805.000000 
		}
	}
	members={
		1486 998 999 1000 1003 1004 1005 1006 1008 1009 1010 1011 1806 1813 2004 2016 2017 2018 2589 2590 2591 2592 2593 2594 2595 2596 2597 2598 2599 2600 2601 2602 2603 2511 2588 1002 4902 4918 4919 4920 2005 2503 
	}
}
california={
	location=2021
	color={
		90 176 75 
	}
	outgoing={
		name="mexico"
		path={
			1556 1555 1554 1552 1551 
		}
		control={
			819.000000 1735.000000 887.000000 1679.000000 970.000000 1540.000000 1138.000000 1417.000000 
		}
	}
	outgoing={
		name="rio_grande"
		path={
			2646 2647 1509 1508 
		}
		control={
			818.000000 1736.000000 884.000000 1682.000000 950.000000 1672.000000 959.000000 1689.000000 954.000000 1699.000000 963.000000 1719.000000 958.000000 1754.000000 978.000000 1749.000000 992.000000 1759.000000 1004.000000 1754.000000 1024.000000 1776.000000 1050.000000 1778.000000 1077.000000 1768.000000 1112.000000 1783.000000 1115.000000 1760.000000 1099.000000 1738.000000 1086.000000 1695.000000 1099.000000 1674.000000 1130.000000 1649.000000 1136.000000 1629.000000 1160.000000 1617.000000 1192.000000 1632.000000 1238.000000 1566.000000 1257.000000 1563.000000 
		}
	}
	outgoing={
		name="mississippi_river"
		path={
			872 873 2019 2020 2006 2008 903 902 900 895 2014 893 1507 
		}
		control={
			781.000000 1808.000000 761.000000 1895.000000 787.000000 1960.000000 818.000000 1948.000000 881.000000 1961.000000 918.000000 1964.000000 932.000000 1897.000000 979.000000 1885.000000 1006.000000 1892.000000 1043.000000 1862.000000 1088.000000 1872.000000 1113.000000 1922.000000 1148.000000 1990.000000 1197.000000 1975.000000 1215.000000 1915.000000 1244.000000 1887.000000 1282.000000 1876.000000 1308.000000 1814.000000 1355.000000 1803.000000 1401.000000 1776.000000 1384.000000 1733.000000 1375.000000 1680.000000 1365.000000 1656.000000 1376.000000 1638.000000 1400.000000 1629.000000 
		}
	}
	outgoing={
		name="polynesia_node"
		path={
			1556 1687 1693 1699 
		}
		control={
			691.000000 1731.000000 
		}
	}
	members={
		855 859 862 2616 865 866 2620 868 871 869 2021 2476 867 876 2491 870 2477 2478 2479 2480 872 2481 2482 2483 873 2486 2487 2488 2019 2020 2489 2490 874 2484 2485 2003 2604 2605 2606 2607 972 973 974 2610 975 2022 2609 976 4577 4639 4635 4636 4637 4638 4649 4578 
	}
}
east_siberia={
	location=1043
	color={
		192 192 192 
	}
	outgoing={
		name="siberia"
		path={
			6287 2446 1056 1060 1063 1065 480 4688 1071 4690 1075 
		}
		control={
			5509.000000 2359.000000 5358.000000 2332.000000 5184.000000 2272.000000 5044.000000 2283.000000 4918.000000 2221.000000 4792.000000 2195.000000 4654.000000 2212.000000 4486.000000 2172.000000 
		}
	}
	outgoing={
		name="girin"
		path={
			1043 1047 2103 4659 6162 2104 731 6163 2188 730 
		}
		control={
			5540.000000 2262.000000 5386.000000 2144.000000 5357.000000 2109.000000 5268.000000 2054.000000 5326.000000 1983.000000 
		}
	}
	outgoing={
		name="nippon"
		path={
			1043 1047 2103 6570 1378 1377 1376 
		}
		control={
			5540.000000 2261.000000 5387.000000 2141.000000 5424.000000 2094.000000 5495.000000 2108.000000 5535.000000 2051.000000 5521.000000 2012.000000 5534.000000 1978.000000 5521.000000 1956.000000 5518.000000 1912.000000 5510.000000 1890.000000 5487.000000 1882.000000 5495.000000 1848.000000 5488.000000 1790.000000 5474.000000 1750.000000 5415.000000 1735.000000 5384.000000 1732.000000 5366.000000 1706.000000 5323.000000 1704.000000 
		}
	}
	members={
		1038 6523 1034 6521 1036 2439 1043 1046 2438 1045 2435 6676 1032 1047 1052 6323 6702 979 2611 978 2612 977 1810 2613 
	}
}
girin={
	location=730
	color={
		45 41 82 
	}
	outgoing={
		name="beijing"
		path={
			2110 726 704 1816 
		}
		control={
			5250.000000 1894.000000 5202.000000 1870.000000 5170.000000 1845.000000 5158.000000 1860.000000 5120.000000 1832.000000 
		}
	}
	outgoing={
		name="nippon"
		path={
			4657 6340 2743 1377 1376 
		}
		control={
			5252.000000 1864.000000 5238.000000 1851.000000 5233.000000 1821.000000 5232.000000 1801.000000 5256.000000 1786.000000 5264.000000 1758.000000 5278.000000 1751.000000 5286.000000 1737.000000 
		}
	}
	outgoing={
		name="mongol"
		path={
			2109 6161 722 4203 723 6227 721 717 
		}
		control={
			5245.000000 1910.000000 5243.000000 1924.000000 5231.000000 1931.000000 5219.000000 1932.000000 5212.000000 1944.000000 5191.000000 1950.000000 5180.000000 1942.000000 5166.000000 1956.000000 5149.000000 1968.000000 5119.000000 1991.000000 5061.000000 1999.000000 
		}
	}
	members={
		1850 1049 2107 2108 2106 2186 2102 2104 1053 2103 730 2110 2188 4201 1048 1050 4214 4216 729 731 2105 4215 6044 4217 2109 727 4654 4655 4656 4657 4658 4659 4660 4661 4662 4653 4663 2742 6162 6163 6164 6165 6166 6167 6168 6182 6222 2743 6565 6570 6305 6321 6322 6807 6805 6124 6340 6341 6160 4200 728 732 1033 
	}
}
mongol={
	location=2116
	color={
		32 17 175 
	}
	inland=yes
	outgoing={
		name="taiyuan"
		path={
			4669 2114 4671 2136 2177 
		}
		control={
			4933.000000 1951.000000 4952.000000 1937.000000 4961.000000 1923.000000 4984.000000 1918.000000 5021.000000 1882.000000 5007.000000 1852.000000 
		}
	}
	outgoing={
		name="beijing"
		path={
			721 6227 2114 4671 6142 6328 1816 
		}
		control={
			5027.000000 1972.000000 5042.000000 1932.000000 5080.000000 1906.000000 5103.000000 1844.000000 5093.000000 1828.000000 
		}
	}
	outgoing={
		name="yumen"
		path={
			6143 6141 707 
		}
		control={
			4896.000000 1963.000000 4830.000000 1955.000000 4800.000000 1900.000000 4790.000000 1860.000000 4755.000000 1830.000000 
		}
	}
	outgoing={
		name="siberia"
		path={
			4220 6283 6119 4222 4681 4823 4684 2434 4688 4689 4690 1075 
		}
		control={
			4840.000000 1973.000000 4764.000000 1957.000000 4692.000000 1986.000000 4642.000000 1987.000000 4555.000000 2037.000000 
		}
	}
	members={
		4666 4219 4673 723 4667 721 717 4669 4221 2116 4220 4668 4678 4677 2193 1058 1057 4671 2114 2115 4203 722 4202 4665 4218 4664 724 4674 6227 6228 6283 6337 6338 6339 6123 2189 6284 4679 6120 6175 716 1056 1060 1063 6119 1065 1066 4823 719 2117 4680 718 4222 4681 6176 4682 725 2185 2187 6161 720 6143 2190 6141 1055 2446 6522 1041 1051 1054 4683 1039 1042 6529 6287 6288
	}
}
taiyuan={
	location=697
	color={
		0 128 64 
	}
	inland=yes
	outgoing={
		name="xian"
		path={
			6267 6174 6026 700 
		}
		control={
			5003.000000 1815.000000 4995.000000 1785.000000 4979.000000 1767.000000 4968.000000 1738.000000 
		}
	}
	outgoing={
		name="beijing"
		path={
			2136 1816 
		}
		control={
			5041.000000 1846.000000 
		}
	}
	members={
		694 2178 693 6022 2177 6010 697 702 4670 2747 2136 6113 6140 6025 6219 6218 6220 6147 6112 4223 6567 6568 6569 6304 6329 6267 2179 6004 
	}
}
xian={
	location=700
	color={
		69 100 119 
	}
	inland=yes
	outgoing={
		name="chengdu"
		path={
			6136 689 2169 6084 679 
		}
		control={
			4903.000000 1712.000000 4883.000000 1702.000000 4871.000000 1679.000000 4863.000000 1655.000000 
		}
	}
	outgoing={
		name="kaifeng"
		path={
			6024 6020 6111 692 6197 688 
		}
		control={
			4958.000000 1725.000000 4987.000000 1731.000000 5013.000000 1725.000000 
		}
	}
	outgoing={
		name="yumen"
		path={
			689 698 706 707 
		}
		control={
			4900.000000 1720.000000 4860.000000 1730.000000 4839.000000 1745.000000 4833.000000 1770.000000 4826.000000 1794.000000 4803.000000 1804.000000 4784.000000 1811.000000 4764.000000 1826.000000 
		}
	}
	members={
		2181 701 6578 2180 698 699 2183 700 4198 709 6036 6024 6026 6028 6023 6039 6006 6020 2182 6103 6136 6174 708 4676 6229 6268 543 6035 689 6047 2184 6225 2194 
	}
}
mississippi_river={
	location=1507
	color={
		115 21 214 
	}
	outgoing={
		name="carribean_trade"
		path={
			1506 1505 1525 1516 
		}
		control={
			1477.000000 1481.000000 
		}
	}
	outgoing={
		name="ohio"
		path={
			921 2528 939 
		}
		control={
			1406.000000 1632.000000 1380.000000 1642.000000 1372.000000 1656.000000 1381.000000 1680.000000 1392.000000 1734.000000 1420.000000 1774.000000 1469.000000 1790.000000 1494.000000 1808.000000 
		}
	}
	outgoing={
		name="rio_grande"
		path={
			1507 1508 
		}
		control={
			1349.000000 1620.000000 1303.000000 1603.000000 
		}
	}
	members={
		893 2014 2516 900 902 2513 2514 894 895 897 924 925 2531 2532 919 920 2528 2529 918 934 2527 899 2509 2515 889 890 2506 2507 2625 891 892 896 898 901 903 2508 2672 921 922 923 2530 2533 905 906 907 909 2007 1809 2008 2009 2504 2505 904 908 2512 1507 4883 4884 4885 4886 4900 4901 4905 4906 4908 4913 4914 4915 4916 4923 2501 2502 2510 2500 2876 2875 2722 2006 4917 
	}
}
ohio={
	location=2526
	color={
		129 214 238 
	}
	inland=yes
	outgoing={
		name="chesapeake_bay"
		path={
			948 2011 
		}
		control={
			1539.000000 1803.000000 1589.000000 1847.000000 1628.000000 1854.000000 1644.000000 1828.000000 1637.000000 1810.000000 1641.000000 1792.000000 1646.000000 1772.000000 
		}
	}
	outgoing={
		name="st_lawrence"
		path={
			946 991 
		}
		control={
			1520.000000 1808.000000 1533.000000 1867.000000 1590.000000 1889.000000 1590.000000 1901.000000 1647.000000 1923.000000 1690.000000 1949.000000 1737.000000 1977.000000 1783.000000 2017.000000 1844.000000 2031.000000 
		}
	}
	members={
		987 989 2585 2670 988 2586 2587 2671 991 1001 1007 2015 910 911 2517 2518 912 913 914 915 916 917 2519 2520 944 945 2521 2522 942 943 2523 2524 946 947 948 2525 954 2555 2556 2557 951 2526 2551 939 940 941 958 959 960 961 964 4872 4875 4876 4887 4888 4889 4898 4899 4903 4904 4907 4921 4922 
	}
}
rio_grande={
	location=2499
	color={
		118 196 39 
	}
	outgoing={
		name="mexico"
		path={
			1508 1509 2647 2646 
		}
		control={
			1229.000000 1539.000000 1243.000000 1486.000000 1217.000000 1471.000000 1227.000000 1441.000000 1227.000000 1418.000000 1235.000000 1393.000000 
		}
	}
	members={
		863 864 2498 861 2619 2666 2667 858 2499 2668 880 881 2495 875 878 2493 2494 882 885 2496 2497 883 886 884 887 888 2665 2669 4627 4629 4628 4630 4631 4632 4909 4910 4911 860 4646 4634 2492 879 4633 877 4606 
	}
}
polynesia_node={
	location=1732
	color={
		220 138 57 
	}
	outgoing={
		name="nippon"
		path={
			1675 1672 1671 1439 1437 
		}
		control={
			99.779999 1238.640015 6475.240234 1265.380005 6409.890137 1300.640015 6188.000000 1390.000000 6022.000000 1452.000000 5603.000000 1690.000000 5482.000000 1723.000000 5437.000000 1719.000000 5417.000000 1697.000000 5384.000000 1698.000000 5357.000000 1685.000000 5339.000000 1706.000000 5323.000000 1712.000000 
		}
	}
	outgoing={
		name="australia"
		path={
			1735 1732 1733 1431 1427 
		}
		control={
			5913.000000 532.000000 
		}
	}
	members={
		1107 1238 1242 1244 1989 1243 1990 1992 1240 1997 1988 1986 1236 1987 1239 1109 4934 4935 4936 1732 2720 2719 
	}
}
laplata={
	location=1536
	color={
		195 79 226 
	}
	outgoing={
		name="brazil"
		path={
			1535 1534 1533 1532 1531 
		}
		control={
			2100.000000 472.000000 2311.000000 716.000000 
		}
	}
	outgoing={
		name="cuiaba"
		path={
			1536 800 
		}
		control={
			1920.000000 492.000000 1940.000000 525.000000 1953.780029 591.960022 1983.000000 649.000000 1971.000000 678.000000 1960.000000 723.000000 1900.000000 755.000000 
		}
	}
	members={
		772 773 777 778 779 790 1536 1095 2843 2844 2845 2846 2847 2848 2849 2850 2851 2852 2853 2855 2857 2858 2859 2860 2861 2865 2866 2877 2879 2884 2887 
	}
}
cuiaba={
	location=800
	color={
		234 221 66 
	}
	outgoing={
		name="lima"
		path={
			800 809 
		}
		control={
			1841.000000 812.000000 1803.000000 808.000000 1791.000000 786.000000 1751.000000 803.000000 1742.000000 823.000000 1711.000000 848.000000 1680.000000 850.000000 1647.979980 848.340027 
		}
	}
	members={
		800 2902 2901 801 2835 2834 2838 794 2942 797 2941 2940 2946 795 793 2900 796 2840 2839 2837 792 791 2841 2836 802 804 2831 2947 803 2832 2833 775 776 799 2842 2882 2883 2888 2903 2904 2889 2881 2854 2878 
	}
}
lima={
	location=809
	color={
		221 104 138 
	}
	outgoing={
		name="panama"
		path={
			1545 1546 1547 1548 835 
		}
		control={
			1572.000000 914.000000 1535.000000 1056.000000 1594.000000 1214.000000 
		}
	}
	members={
		812 2002 2821 2822 2826 816 817 819 820 2820 815 818 821 2823 2944 2945 813 2824 2825 2943 809 810 811 814 2827 807 808 2829 2830 805 806 2828 
	}
}
panama={
	location=835
	color={
		61 85 191 
	}
	outgoing={
		name="carribean_trade"
		path={
			1515 1517 1516 
		}
		control={
			1605.000000 1339.000000 
		}
	}
	outgoing={
		name="mexico"
		path={
			835 1548 1549 1550 
		}
		control={
			1543.000000 1207.000000 1363.000000 1334.000000 
		}
	}
	members={
		840 2637 2640 2662 837 838 2660 2661 2663 826 835 836 2664 2819 828 2806 824 825 827 832 2817 2812 2814 2815 822 823 2816 2818 4605 4604 4607 4608 4603 4600 4601 4602 4599 4596 4595 4597 4592 4593 829 
	}
}
mexico={
	location=1551
	color={
		0 176 0 
	}
	outgoing={
		name="carribean_trade"
		path={
			847 848 1510 1511 1512 1518 1516 
		}
		control={
			1313.000000 1373.000000 1322.000000 1425.000000 1418.000000 1489.000000 1495.000000 1455.000000 1600.000000 1405.000000 
		}
	}
	outgoing={
		name="philippines"
		path={
			1701 1707 1716 1715 1699 1697 
		}
		control={
			999.000000 1360.000000 490.000000 1328.000000 60.000000 1312.000000 5873.000000 1333.000000 5306.000000 1334.000000 
		}
	}
	members={
		1551 854 2617 2621 2657 851 2622 2623 2624 2643 849 2627 2645 2648 850 852 2626 2628 2644 848 2630 2631 2641 2647 844 847 2629 2646 2632 2635 2638 2649 841 842 843 2636 2653 845 2633 2650 2651 846 2634 2652 853 856 857 2615 2642 4589 4594 4587 4586 4585 4588 4591 4590 4584 4582 4598 4583 4581 4571 4570 4572 4641 4573 4575 4580 4574 4579 4576 4640 4642 4643 4645 839 
	}
}
australia={
	location=1411
	color={
		75 151 150 
	}
	outgoing={
		name="the_moluccas"
		path={
			1411 1407 1410 1409 1401 1357 
		}
		control={
			5597.000000 898.000000 
		}
	}
	members={
		1085 1086 1087 1090 1092 1790 1791 1094 1084 1412 2727 2732 2733 2734 2735 1411 4850 4851 4854 4857 4858 1237 
	}
}
the_moluccas={
	location=1357
	color={
		227 84 161 
	}
	outgoing={
		name="philippines"
		path={
			1357 1399 
		}
		control={
			5221.000000 1032.000000 5250.000000 1057.000000 5250.000000 1114.000000 5271.000000 1173.000000 5249.000000 1250.000000 5211.000000 1273.000000 5203.000000 1301.000000 
		}
	}
	outgoing={
		name="malacca"
		path={
			1358 1360 
		}
		control={
			5077.000000 984.000000 4947.000000 1029.000000 4874.000000 1091.000000 
		}
	}
	outgoing={
		name="cape_of_good_hope"
		path={
			1355 628 4793 4808 4817 1351 1622 1621 1647 1455 1454 1627 1458 1180 6655 6501 6653 1177 1460 
		}
		control={
			5077.000000 985.000000 4994.000000 1001.000000 4877.000000 983.000000 4704.000000 696.000000 4550.000000 417.000000 3911.000000 392.000000 3460.000000 409.000000 
		}
	}
	members={
		646 2687 2688 2689 2690 2718 2724 1357 1245 647 645 2717 648 649 650 2696 2695 635 633 634 643 2713 2714 642 2715 641 2716 632 627 2691 631 2693 629 2692 628 626 625 630 624 644 1789 4790 4791 4792 4793 4794 4795 4796 4797 4798 2708 639 2707 4801 4800 2712 638 1998 4799 2710 2711 2709 2728 4846 2706 4845 4807 2740 
	}
}
philippines={
	location=1397
	color={
		70 165 222 
	}
	outgoing={
		name="malacca"
		path={
			4357 1368 1363 1361 
		}
		control={
			5195.000000 1313.000000 5181.000000 1319.000000 5161.000000 1325.000000 5129.000000 1343.000000 5059.000000 1291.000000 5028.000000 1179.000000 4942.000000 1155.000000 4888.000000 1110.000000 
		}
	}
	outgoing={
		name="canton"
		path={
			656 2697 2698 1393 1371 
		}
		control={
			5194.000000 1312.000000 5181.000000 1320.000000 5161.000000 1325.000000 5146.000000 1333.000000 5129.000000 1344.000000 5107.000000 1388.000000 5035.000000 1443.000000 
		}
	}
	outgoing={
		name="quanzhou"
		path={
			1395 1393 1371 1372 
		}
		control={
			5194.000000 1312.000000 5181.000000 1320.000000 5161.000000 1325.000000 5146.000000 1333.000000 5129.000000 1344.000000 5120.000000 1380.000000 5121.000000 1488.000000 5105.000000 1526.000000 
		}
	}
	members={
		1397 2701 2702 4355 652 653 4354 654 2700 4351 4352 4353 651 655 4356 657 658 2698 4348 656 2697 2699 4349 4350 2725 2703 1991 1993 1994 1235 1995 1996 
	}
}
nippon={
	location=1376
	color={
		0 0 160 
	}
	outgoing={
		name="beijing"
		path={
			4228 1374 6018 6012 4233 6007 1816 
		}
		control={
			5269.000000 1720.000000 5235.000000 1715.000000 5239.000000 1747.000000 5235.000000 1768.000000 5244.000000 1779.000000 5225.000000 1783.000000 5204.000000 1796.000000 5166.000000 1788.000000 5138.000000 1791.000000 5114.000000 1779.000000 5103.000000 1792.000000 5084.000000 1800.000000 5079.000000 1818.000000 
		}
	}
	outgoing={
		name="quanzhou"
		path={
			1389 1373 1372 1829 
		}
		control={
			5293.000000 1696.000000 5306.000000 1680.000000 5304.000000 1642.000000 5288.000000 1604.000000 5247.000000 1570.000000 5152.799805 1553.119995 5115.000000 1536.000000 
		}
	}
	outgoing={
		name="hangzhou"
		path={
			1389 1373 684 
		}
		control={
			5270.000000 1688.000000 5180.000000 1655.000000 
		}
	}
	members={
		1376 1012 1014 1017 1018 1019 1020 1021 1023 1024 1025 1026 1027 1028 1029 1030 1031 1818 1819 1820 1825 1830 1832 1835 1837 1839 1843 1847 1852 4131 4180 4181 4182 6887 4183 4184 4185 4186 4187 4188 4189 4190 4191 4192 4193 4359 4360 4651 735 4230 4231 734 736 2694 2745 4227 737 1013 2741 4228 4229 733 6325 6326 6812 6787 6780 6782 6878 6880 6785 6883 6888 6886 6875 6879 6794 6871 6872 6788 6790 6801 6802 6806 6792 6781 6279 6276 6278 6277 6274 6275 6273 6271 6272 6270 6646 6783 1845 6285 4232 2744 6280 
	}
}
chengdu={
	location=679
	color={
		215 81 57 
	}
	inland=yes
	outgoing={
		name="wuchang"
		path={
			6082 6079 681 6063 
		}
		control={
			4869.000000 1635.000000 4876.000000 1624.000000 4879.000000 1618.000000 4888.000000 1623.000000 4890.000000 1628.000000 4894.000000 1630.000000 4899.000000 1632.000000 4911.000000 1635.000000 4920.000000 1645.000000 4926.000000 1654.000000 4963.000000 1654.000000 4978.000000 1642.000000 4984.000000 1644.000000 4991.000000 1642.000000 4993.000000 1633.000000 5003.000000 1633.000000 5006.000000 1626.000000 5013.000000 1634.000000 
		}
	}
	outgoing={
		name="yunnan"
		path={
			4213 675 662 
		}
		control={
			4856.000000 1634.000000 4863.000000 1627.000000 4862.000000 1619.000000 4868.000000 1614.000000 4864.000000 1612.000000 4855.000000 1613.000000 4841.000000 1610.000000 4841.000000 1603.000000 4835.000000 1601.000000 4835.000000 1595.000000 4829.000000 1590.000000 4824.000000 1581.000000 4826.000000 1570.000000 4820.000000 1558.000000 
		}
	}
	outgoing={
		name="lhasa"
		path={
			679 675 2167 2132 
		}
		control={
			4834.000000 1640.000000 4780.000000 1650.000000 4750.000000 1630.000000 4742.000000 1655.000000 4671.000000 1628.000000 
		}
	}
	members={
		679 680 4212 2169 2170 4211 2748 4213 6084 6085 6079 6081 6080 6082 6083 2168 6882 6087 674 6088 675 6191 6193 6194 6211 6217 6214 6240 6327 6192 4403 4518 6291 2044 469 4453 
	}
}
lhasa={
	location=677
	color={
		219 230 204 
	}
	inland=yes
	outgoing={
		name="lahore"
		path={
			2129 2074 508 
		}
		control={
			4582.000000 1627.000000 4511.000000 1628.000000 4460.000000 1646.000000 4415.000000 1670.000000 4366.000000 1685.000000 4325.000000 1711.000000 4312.000000 1715.000000 4306.000000 1700.000000 
		}
	}
	outgoing={
		name="ganges_delta"
		path={
			562 4479 
		}
		control={
			4584.000000 1620.000000 4569.000000 1584.000000 4550.000000 1573.000000 4542.000000 1557.000000 4560.000000 1549.000000 4576.129883 1531.989990 4608.000000 1514.000000 4618.000000 1485.000000 
		}
	}
	outgoing={
		name="yumen"
		path={
			4205 6183 6282 6171 707 
		}
		control={
			4605.000000 1646.000000 4638.000000 1662.000000 4689.899902 1660.209961 4717.000000 1671.000000 4727.000000 1699.000000 4754.000000 1716.000000 4787.000000 1713.000000 4777.000000 1747.000000 4799.000000 1756.000000 4793.000000 1779.000000 4776.000000 1797.000000 4771.000000 1814.000000 
		}
	}
	outgoing={
		name="yunnan"
		path={
			6172 1788 4402 2167 661 6092 662 
		}
		control={
			4661.000000 1622.000000 4725.509766 1630.569946 4750.390137 1610.640015 4770.160156 1560.979980 4794.000000 1560.000000 
		}
	}
	members={
		2129 4522 676 2134 677 2130 4205 565 4481 4514 4515 4516 4517 4519 4520 2132 2131 678 2133 2135 6183 6184 6185 6186 6172 6187 6282 6281 6552 6551 6550 6556 6335 6334 6333 6331 6332 6336 4937 4938 2074 6549 4521 4451 2025 2070 4485 557 4483 4484 2071 4482 6292 6133 6135 4470 511 2069 4493 4491 4492 554 6759 1787 
	}
}
yunnan={
	location=662
	color={
		165 46 12 
	}
	inland=yes
	outgoing={
		name="canton"
		path={
			664 2164 6076 
		}
		control={
			4877.000000 1528.000000 4900.000000 1516.000000 4916.000000 1501.000000 4928.000000 1503.000000 4938.709961 1499.109985 4955.000000 1515.000000 4968.000000 1512.000000 4977.000000 1513.000000 4984.000000 1507.000000 4999.000000 1506.000000 
		}
	}
	outgoing={
		name="burma"
		path={
			662 6213 6091 6003 4406 4397 
		}
		control={
			4785.000000 1556.000000 4741.000000 1537.000000 4712.000000 1528.000000 4701.000000 1515.000000 4702.000000 1486.000000 
		}
	}
	members={
		662 6089 663 6090 660 6092 2167 661 6091 2166 6003 6223 4398 6215 6212 6261 4402 6213 6303 2128 
	}
}
burma={
	location=584
	color={
		35 229 76 
	}
	inland=yes
	outgoing={
		name="ganges_delta"
		path={
			4396 1815 
		}
		control={
			4679.000000 1465.000000 4686.000000 1446.000000 4688.000000 1419.000000 4708.000000 1385.000000 4683.000000 1368.000000 4666.000000 1384.000000 4670.000000 1408.000000 4638.000000 1444.000000 
		}
	}
	outgoing={
		name="gulf_of_siam"
		path={
			4844 600 4830 1365 
		}
		control={
			4741.000000 1454.000000 4760.000000 1400.000000 4776.000000 1370.000000 4773.000000 1349.000000 
		}
	}
	members={
		584 2399 581 2398 580 4393 2397 4394 4396 585 4395 583 588 2400 4397 4406 2401 582 4404 4405 6566 2403 590 586 4399 1815 2402 6302 591 2404 2396 2395 573 579 587 589 602 
	}
}
yumen={
	location=707
	color={
		255 255 0 
	}
	inland=yes
	outgoing={
		name="samarkand"
		path={
			713 1786 739 1785 452 1967 454 
		}
		control={
			4686.250000 1847.479980 4655.000000 1882.000000 4582.000000 1892.000000 4532.000000 1913.000000 4466.000000 1903.000000 4393.000000 1908.000000 4347.000000 1861.000000 4307.000000 1841.000000 4269.000000 1849.000000 4239.000000 1836.000000 4224.000000 1836.000000 
		}
	}
	members={
		710 1786 707 711 1784 2123 2122 4206 4207 713 715 2120 4208 712 2121 2192 4693 6038 4209 2124 739 461 2368 6243 6241 6324 1093 4853 4855 1089 1088 4861 4862 6761 2191 6005 6033 4863 6169 6118 6342 714 4684 2119 2118 4204 1091 6526 6528 6242 2125 4210 706 6037 6286 6173
	}
}
gulf_of_siam={
	location=1365
	color={
		84 152 93 
	}
	outgoing={
		name="malacca"
		path={
			1364 1362 1361 
		}
		control={
			4780.000000 1239.000000 4836.000000 1187.000000 4849.000000 1142.000000 4850.000000 1118.000000 4848.000000 1107.000000 
		}
	}
	outgoing={
		name="canton"
		path={
			4825 604 4827 4843 610 1370 1371 
		}
		control={
			4785.000000 1327.000000 4786.000000 1314.000000 4808.000000 1309.000000 4821.000000 1297.000000 4829.000000 1276.000000 4853.000000 1267.000000 4856.000000 1239.000000 4891.000000 1264.000000 4941.000000 1299.000000 4935.000000 1365.000000 4894.000000 1410.000000 4894.000000 1452.000000 4954.000000 1453.000000 5010.000000 1480.000000 
		}
	}
	members={
		592 600 601 603 604 609 608 611 612 614 615 1817 1823 1844 2378 2379 2380 2381 2382 2383 2384 2385 2386 2387 2388 2389 2371 1365 4825 4826 4827 4828 4830 4831 4832 4833 4834 4835 4836 4837 4838 4839 4840 4841 4842 6247 4860 6576 6579 4843 2390 593
	}
}
kaifeng={
	location=688
	color={
		12 31 50 
	}
	inland=yes
	outgoing={
		name="beijing"
		path={
			6029 4195 696 
		}
		control={
			5029.000000 1748.000000 5036.000000 1773.000000 5039.000000 1801.000000 
		}
	}
	outgoing={
		name="hangzhou"
		path={
			2176 6178 2143 1838 6042 6235 684 
		}
		control={
			5047.000000 1721.000000 5064.000000 1706.000000 5078.000000 1695.000000 5097.000000 1687.000000 5110.000000 1673.000000 5136.000000 1664.000000 5140.609863 1649.410034 5130.959961 1641.400024 5138.689941 1640.880005 5145.000000 1638.000000 
		}
	}
	outgoing={
		name="wuchang"
		path={
			688 687 6062 
		}
		control={
			5021.000000 1721.000000 5015.000000 1708.000000 5006.000000 1701.000000 5004.000000 1695.000000 5005.000000 1690.000000 5003.000000 1687.000000 5001.000000 1682.000000 4996.000000 1677.000000 4990.000000 1674.000000 4990.000000 1670.000000 4994.000000 1667.000000 4993.000000 1662.000000 4996.000000 1659.000000 4995.000000 1655.000000 4998.000000 1652.000000 4999.000000 1648.000000 5004.000000 1647.000000 5008.000000 1645.000000 5018.000000 1649.000000 
		}
	}
	members={
		688 6032 2137 6029 2176 6030 6031 1836 6021 687 2175 6027 2144 2143 692 6177 6178 6198 6196 6197 6200 6195 2141 
	}
}
wuchang={
	location=682
	color={
		32 153 163 
	}
	inland=yes
	outgoing={
		name="hangzhou"
		path={
			4197 686 2146 
		}
		control={
			5032.000000 1647.000000 5043.000000 1640.000000 5049.000000 1633.000000 5063.000000 1633.000000 5071.000000 1638.000000 5076.000000 1646.000000 5087.000000 1653.000000 5096.000000 1660.000000 5110.000000 1670.000000 5125.000000 1668.000000 5137.000000 1663.000000 5141.000000 1649.000000 5131.000000 1641.000000 5139.000000 1641.000000 5145.000000 1638.000000 
		}
	}
	outgoing={
		name="canton"
		path={
			682 6058 683 6060 6236 6238 6055 6052 
		}
		control={
			5008.000000 1623.000000 5002.000000 1605.000000 5007.000000 1593.000000 5003.000000 1586.000000 4997.000000 1572.000000 5006.000000 1556.000000 5015.000000 1533.000000 5007.000000 1518.000000 5000.000000 1509.000000 
		}
	}
	members={
		682 4197 6062 2171 6046 6063 2172 681 6066 672 6067 2173 6065 671 2174 6068 6064 6180 4199 673 6202 6206 6208 6209 6210 6207 6127 4824
	}
}
canton={
	location=1371
	color={
		255 128 0 
	}
	outgoing={
		name="malacca"
		path={
			1394 1367 1362 1361 
		}
		control={
			5016.000000 1474.000000 4986.000000 1401.000000 4962.000000 1309.000000 4877.000000 1218.000000 4865.000000 1146.000000 4850.000000 1107.000000 
		}
	}
	outgoing={
		name="quanzhou"
		path={
			1371 
		}
		control={
			5025.000000 1485.000000 5065.000000 1502.000000 5093.000000 1521.000000 
		}
	}
	members={
		2161 1371 610 613 616 664 665 667 668 1016 1840 2158 2162 2163 2164 2372 2373 6071 6069 6070 6076 6074 6078 6093 4819 4820 4821 6239 6252 6251 6248 6246 6259 6257 4856 2159 666 2160 6190 6189 6244
	}
}
quanzhou={
	location=1372
	color={
		19 179 37 
	}
	outgoing={
		name="hangzhou"
		path={
			1372 
		}
		control={
			5121.000000 1543.000000 5123.000000 1561.000000 5141.000000 1577.000000 5144.000000 1594.000000 5159.000000 1602.000000 5159.000000 1618.000000 5167.000000 1623.000000 5164.000000 1637.000000 
		}
	}
	outgoing={
		name="malacca"
		path={
			6052 1371 1394 1367 1362 1361 
		}
		control={
			5084.000000 1492.000000 5025.000000 1418.000000 4958.000000 1294.000000 4883.000000 1213.000000 4870.290039 1150.099976 4857.000000 1107.000000 
		}
	}
	members={
		1829 1059 6052 2153 2154 2155 738 6057 669 6054 2152 6055 2156 6132 6095 6181 6238 1015 6255 1372 1824 6051 2157 6188 6128 6809 6072 6237 670 6330
	}
}
beijing={
	location=1816
	color={
		160 0 0 
	}
	inland=yes
	outgoing={
		name="hangzhou"
		path={
			689 698 706 707 
		}
		control={
			5072.000000 1804.000000 5072.000000 1797.000000 5067.000000 1792.000000 5065.000000 1786.000000 5061.000000 1780.000000 5056.000000 1774.000000 5056.000000 1768.000000 5059.000000 1762.000000 5060.000000 1755.000000 5063.000000 1751.000000 5067.000000 1737.000000 5075.000000 1728.000000 5083.240234 1714.420044 5097.000000 1712.000000 5113.000000 1697.000000 5122.000000 1679.000000 5129.000000 1669.000000 5138.000000 1662.000000 5141.000000 1649.000000 5131.000000 1641.000000 5139.000000 1641.000000 5145.000000 1638.000000 
		}
	}
	members={
		690 691 2138 2139 703 1816 4194 695 696 4195 704 726 2112 2113 4233 4652 2165 6000 6019 6001 6002 2111 6007 6008 6014 6017 6012 6018 6115 6114 6142 4672 4675 6233 6265 6264 6221 6564 6328 6077 6266 6015 6016 6245
	}
}
hangzhou={
	location=1373
	color={
		128 0 128 
	}
	members={
		684 685 1821 1822 1838 2145 2146 2148 2149 2150 2142 4196 6043 6045 6889 2431 6040 6042 6041 6050 6049 6179 6204 6235 6234 2147 6205 686 2151 6061 6058 6203 6236 6060 683 6559 6560 1833 6059 6561 6263 6199 6048 2140 1373 
	}
	end=yes
}
malacca={
	location=1361
	color={
		200 114 104 
	}
	outgoing={
		name="ganges_delta"
		path={
			1348 1347 1345 1344 1343 
		}
		control={
			4836.000000 1106.000000 4821.000000 1118.000000 4754.000000 1185.000000 4660.990234 1363.680054 4626.000000 1432.000000 
		}
	}
	outgoing={
		name="cape_of_good_hope"
		path={
			1352 1624 1623 1647 1630 1626 1459 
		}
		control={
			4847.000000 1079.000000 4892.000000 1057.000000 4893.000000 998.000000 4744.890137 923.460022 4403.000000 811.000000 3920.000000 648.000000 3538.000000 443.000000 
		}
	}
	members={
		594 595 596 597 598 599 617 618 619 620 621 622 623 636 637 640 659 1361 2391 2392 2393 2394 2673 2674 2675 2676 2677 2678 2679 2680 2681 2682 2683 2684 2685 2686 2704 2705 4802 4803 4804 4805 4806 4809 4810 4811 4812 4813 4814 4815 4816 4817 4818 6825 4808 2377 2376 605 4829 606 2374 1022 4822 607 2375 
	}
}
siberia={
	location=1075
	color={
		28 58 155 
	}
	inland=yes
	outgoing={
		name="kazan"
		path={
			1062 1064 480 479 472 475 1082 
		}
		control={
			4076.000000 2186.000000 3965.000000 2188.000000 
		}
	}
	outgoing={
		name="samarkand"
		path={
			480 478 477 1969 457 454 
		}
		control={
			4218.000000 2150.000000 4169.000000 2084.000000 4101.000000 1996.000000 4140.000000 1939.000000 4179.000000 1912.000000 4211.000000 1858.000000 
		}
	}
	members={
		1782 1781 1071 479 1061 1062 1064 1067 1068 1070 480 1069 1073 1074 1080 1078 1075 1076 2357 2369 2427 2428 2429 2430 2432 2433 2434 2436 2442 2443 2445 1072 1780 2441 2354 4686 4687 4688 4689 4690 4691 4692 6670 2426 1966 476 2359 4685 478 2255 2355 6546
	}
}
ganges_delta={
	location=1343
	color={
		173 44 68 
	}
	outgoing={
		name="comorin_cape"
		path={
			1342 1341 1340 
		}
		control={
			4504.000000 1415.000000 4442.000000 1350.000000 4418.310059 1273.270020 
		}
	}
	outgoing={
		name="doab"
		path={
			1343 564 563 558 2095 556 2063 
		}
		control={
			4561.259766 1474.550049 4559.000000 1515.000000 4550.000000 1542.000000 4527.000000 1544.000000 4506.000000 1550.000000 4490.000000 1549.000000 4468.000000 1543.000000 4421.000000 1581.000000 
		}
	}
	members={
		553 2082 4447 4452 547 2048 4445 4446 4448 561 2081 4476 4477 564 2039 4474 4475 4478 552 2038 2043 2049 4441 560 2096 4450 4471 562 2046 4486 563 4479 568 558 4469 4472 4489 2047 4487 4488 6833 6834 6835 1343 2098 2045 571 4440 2040 566 4400 570 567 4473 2091 4401 2041 2042 1950 
	}
}
doab={
	location=524
	color={
		236 162 19 
	}
	inland=yes
	outgoing={
		name="deccan"
		path={
			525 740 2057 
		}
		control={
			4379.000000 1565.000000 4353.000000 1515.000000 4355.000000 1479.000000 4344.000000 1444.000000 
		}
	}
	outgoing={
		name="lahore"
		path={
			522 2062 4411 
		}
		control={
			4367.000000 1607.000000 4354.000000 1646.000000 
		}
	}
	members={
		522 2060 2062 2061 4498 4499 519 520 2064 4500 523 2094 4494 4495 4497 555 2055 4490 524 556 2063 525 528 740 4465 2059 4459 4466 4467 2097 4468 2065 510 4411 4463 6849 
	}
}
lahore={
	location=507
	color={
		63 150 30 
	}
	inland=yes
	outgoing={
		name="samarkand"
		path={
			578 451 450 453 454 
		}
		control={
			4294.000000 1697.000000 4269.000000 1717.000000 4244.000000 1723.000000 4223.000000 1723.000000 4205.000000 1733.000000 4221.000000 1766.000000 4193.500000 1772.030029 4171.000000 1777.000000 4164.000000 1804.000000 
		}
	}
	outgoing={
		name="persia"
		path={
			578 451 450 446 2221 2235 2214 
		}
		control={
			4294.000000 1668.000000 4265.000000 1633.000000 4215.000000 1596.000000 4193.000000 1648.000000 4166.000000 1666.000000 4156.000000 1662.000000 4135.000000 1664.000000 4129.000000 1652.000000 4100.000000 1645.000000 4100.000000 1686.000000 4099.000000 1711.000000 4082.000000 1720.000000 4070.000000 1741.000000 4030.000000 1753.000000 3999.000000 1752.000000 3975.000000 1771.000000 
		}
	}
	outgoing={
		name="gujarat"
		path={
			506 2072 
		}
		control={
			4297.000000 1652.000000 4269.000000 1631.000000 4220.000000 1584.000000 4216.000000 1560.000000 4280.000000 1515.000000 
		}
	}
	members={
		2200 508 2073 4449 507 2075 2076 4510 4513 506 2079 2086 4508 4509 2077 2078 4511 576 577 2068 448 451 578 2226 447 449 2225 6798 6799 6572 6797 6803 6804 509 434 2232 6541
	}
}
deccan={
	location=1948
	color={
		241 13 61 
	}
	inland=yes
	outgoing={
		name="gujarat"
		path={
			4433 517 1337 
		}
		control={
			4345.000000 1403.000000 4303.000000 1434.000000 4286.000000 1438.000000 
		}
	}
	outgoing={
		name="comorin_cape"
		path={
			541 4422 4414 2026 
		}
		control={
			4365.000000 1354.000000 4373.729980 1329.130005 4408.000000 1294.000000 4378.000000 1249.000000 
		}
	}
	members={
		526 2056 2057 2093 4461 550 551 2092 4458 4460 2033 4428 2028 4438 4444 542 2037 4436 4439 527 4434 569 1948 2035 546 548 2050 4442 4443 1946 2034 544 545 4432 4433 4437 6848 6847 
	}
}
comorin_cape={
	location=1340
	color={
		13 255 179 
	}
	outgoing={
		name="gulf_of_aden"
		path={
			1615 1451 1331 
		}
		control={
			4263.000000 1256.000000 
		}
	}
	outgoing={
		name="gujarat"
		path={
			1339 2030 
		}
		control={
			4345.000000 1259.000000 4293.000000 1386.000000 
		}
	}
	outgoing={
		name="cape_of_good_hope"
		path={
			1619 1621 1636 1626 1459 
		}
		control={
			4270.000000 1047.000000 3893.000000 898.000000 3758.929932 774.010010 3544.000000 468.000000 
		}
	}
	members={
		2083 4418 4419 4420 539 540 1947 2027 4417 536 2101 2100 4408 4409 572 2099 4407 574 1101 1248 1999 538 2085 4414 2026 4415 533 2031 4421 4426 541 1949 2090 534 535 537 4410 4413 531 2029 2030 2032 4427 549 2084 2080 4425 6846 6844 6843 6822 6823 6841 6828 6821 6824 1340 
	}
}
gujarat={
	location=1337
	color={
		135 104 85 
	}
	outgoing={
		name="gulf_of_aden"
		path={
			1336 1333 1332 1331 
		}
		control={
			4212.000000 1439.000000 4075.000000 1415.000000 
		}
	}
	outgoing={
		name="hormuz"
		path={
			1336 1334 
		}
		control={
			4216.000000 1459.000000 4126.000000 1518.000000 4035.000000 1540.000000 
		}
	}
	outgoing={
		name="zanzibar"
		path={
			1336 1452 1451 1453 1447 
		}
		control={
			4126.000000 1371.000000 3978.000000 1249.000000 
		}
	}
	members={
		518 2058 2087 4462 512 4502 2066 513 514 2067 4506 504 2088 4503 4504 505 2072 4505 529 530 2089 4429 515 521 2052 4454 4455 517 2036 4430 503 2053 4456 4480 516 2051 2054 4512 4457 6836 6838 6837 6832 1337 6800 6571 3594
	}
}
katsina={
	location=1149
	color={
		215 56 56 
	}
	inland=yes
	outgoing={
		name="timbuktu"
		path={
			1148 2269 1133 2262 1132 
		}
		control={
			3050.000000 1323.000000 3016.000000 1357.000000 2990.000000 1396.000000 
		}
	}
	outgoing={
		name="tunis"
		path={
			352 341 
		}
		control={
			3142.000000 1387.000000 3183.000000 1418.000000 3226.000000 1477.000000 3233.000000 1530.000000 3255.000000 1636.000000 3232.000000 1686.000000 3200.399902 1691.410034 3169.000000 1715.000000 3184.000000 1733.000000 
		}
	}
	outgoing={
		name="ethiopia"
		path={
			2800 2772 
		}
		control={
			3161.000000 1312.000000 3206.000000 1329.000000 3245.000000 1353.000000 3355.000000 1327.000000 3443.000000 1314.000000 3540.000000 1337.000000 3598.000000 1308.000000 
		}
	}
	members={
		1162 1145 1152 1153 1150 1154 1155 1156 1157 1158 1160 1161 1249 1149 1148 2274 2275 2276 2278 2279 2280 2281 2282 2283 2284 2285 2286 2287 2288 2293 2475 1159 2932 774 1925 1273 4057 4053 
	}
}
ethiopia={
	location=2772
	color={
		205 202 141 
	}
	inland=yes
	outgoing={
		name="alexandria"
		path={
			1232 2321 361 358 
		}
		control={
			3596.000000 1319.000000 3576.000000 1364.000000 3580.000000 1384.000000 3563.000000 1425.000000 3544.000000 1425.000000 3545.000000 1468.000000 3563.000000 1493.000000 3577.000000 1499.000000 3580.000000 1539.000000 3573.000000 1551.000000 3578.000000 1563.000000 3565.810059 1564.489990 3545.000000 1587.000000 3543.000000 1605.000000 3551.000000 1629.000000 3549.000000 1639.000000 3544.000000 1644.000000 3540.000000 1653.000000 
		}
	}
	outgoing={
		name="gulf_of_aden"
		path={
			1213 1211 1212 4346 
		}
		control={
			3668.000000 1309.000000 3668.000000 1297.000000 3680.000000 1281.000000 3666.000000 1255.000000 3693.000000 1243.000000 3711.000000 1259.000000 3732.000000 1269.000000 3771.000000 1291.000000 3797.000000 1289.000000 3838.000000 1297.000000 
		}
	}
	members={
		1217 1218 1222 1228 2756 2757 2758 2759 2760 2761 2762 2763 2772 2791 2778 2785 2797 2766 2767 2769 2770 2771 2779 2780 2781 1224 1213 1223 1214 1216 1221 2800 2801 2802 1229 1225 1226 1227 1220 1207 1208 1210 2798 2799 1219 2776 4033 4158 2777 6817 6818 6815 6816 2787 
	}
}
gulf_of_aden={
	location=4346
	color={
		76 144 83 
	}
	outgoing={
		name="zanzibar"
		path={
			1446 1447 1448 
		}
		control={
			3923.000000 1208.000000 
		}
	}
	outgoing={
		name="alexandria"
		path={
			1330 1329 1328 361 358 
		}
		control={
			3903.000000 1341.000000 3779.000000 1310.000000 3698.000000 1429.000000 3620.000000 1563.000000 3594.000000 1598.000000 3583.000000 1613.000000 3575.000000 1632.000000 3562.000000 1638.000000 3543.000000 1657.000000 
		}
	}
	outgoing={
		name="hormuz"
		path={
			1332 1333 1334 
		}
		control={
			4069.000000 1479.000000 4019.000000 1533.000000 
		}
	}
	members={
		2324 2775 2782 2783 2786 2788 2789 2790 2793 2794 2795 2024 1205 1206 1209 1212 1215 1230 2765 2773 2792 2784 1211 2764 1232 1331 2768 402 1099 4284 387 2346 4279 390 2344 4281 388 2345 4280 386 391 4282 389 2343 4283 1328 1329 1330 4333 4346 6813 6814 4034 2335 
	}
}
hormuz={
	location=1334
	color={
		202 225 121 
	}
	outgoing={
		name="basra"
		path={
			2219 1335 
		}
		control={
			3935.000000 1557.000000 
		}
	}
	members={
		397 1334 2999 2333 404 398 399 400 403 4287 4286 2341 2342 401 430 4332 2219 431 4327 4331 4329 2223 4330 2218 2233 6548 4285 6764 1779 575 2231
	}
}
zanzibar={
	location=1448
	color={
		130 17 17 
	}
	outgoing={
		name="cape_of_good_hope"
		path={
			1449 1456 1457 1458 1459 1460 
		}
		control={
			3725.000000 769.000000 3522.000000 478.000000 
		}
	}
	members={
		788 1100 1102 1103 1183 1186 1192 1193 1194 1195 1196 1197 1198 1199 1200 1201 1202 1203 1204 1792 2796 2774 4020 4021 4022 4023 4024 4025 4026 4027 4028 4029 4030 4031 4032 4049 6826 1448 
	}
}
cape_of_good_hope={
	location=1460
	color={
		152 212 60 
	}
	outgoing={
		name="ivory_coast"
		path={
			1461 1462 1463 1464 1465 1466 
		}
		control={
			3278.489990 489.179993 3185.000000 731.000000 3157.000000 1003.000000 3083.000000 1141.000000 
		}
	}
	members={
		1460 789 833 1175 1176 1177 1178 1179 1180 1181 1182 1173 1800 2856 2864 4781 4783 6504 6503 6502 6501 1174 6655 6652 6653 6654 
	}
}
basra={
	location=1335
	color={
		17 203 62 
	}
	outgoing={
		name="aleppo"
		path={
			408 409 406 382 377 
		}
		control={
			3842.000000 1652.000000 3824.000000 1680.000000 3789.000000 1696.000000 3760.000000 1705.000000 3742.000000 1722.000000 3725.000000 1722.000000 3701.000000 1748.000000 3675.000000 1751.000000 
		}
	}
	outgoing={
		name="persia"
		path={
			412 413 428 426 
		}
		control={
			3886.000000 1617.000000 3915.000000 1594.000000 3943.000000 1617.000000 3939.000000 1635.000000 3945.000000 1658.000000 3919.000000 1687.000000 3912.000000 1717.000000 3912.000000 1738.000000 3939.000000 1736.000000 3966.000000 1750.000000 3974.000000 1759.000000 3968.000000 1767.000000 
		}
	}
	members={
		1335 412 4289 4290 394 396 2340 2347 393 2338 4272 392 2337 4273 4274 2336 2339 4275 408 2311 2312 4288 406 409 410 2310 4291 415 4293 4294 6532 6536 6538 6535 6533 6537 6531 6300 6534 411 2309 395 6789 
	}
}
samarkand={
	location=454
	color={
		53 108 159 
	}
	inland=yes
	outgoing={
		name="persia"
		path={
			442 441 438 437 427 426 
		}
		control={
			4167.000000 1819.000000 4142.000000 1801.000000 4086.000000 1768.000000 4046.000000 1790.000000 3977.000000 1819.000000 3962.899902 1774.589966 
		}
	}
	outgoing={
		name="astrakhan"
		path={
			442 440 443 470 465 464 
		}
		control={
			4146.000000 1815.000000 4114.000000 1817.000000 4094.000000 1844.000000 4073.000000 1862.000000 4053.000000 1877.000000 4026.000000 1925.000000 4011.000000 2001.000000 
		}
	}
	members={
		440 441 442 444 445 453 454 455 456 457 477 1967 1969 1970 1973 2370 2362 2363 2356 2364 2360 2361 2358 2352 458 460 2350 437 438 439 443 2349 1968 4344 4343 6553 6554 6555 6686 6575 452 2227 450 2228 6290 4325 6524 1040 1044 2440 2127 2126 459 2437 6525 6520 
	}
}
persia={
	location=4341
	color={
		204 119 31 
	}
	inland=yes
	outgoing={
		name="aleppo"
		path={
			1326 421 2202 2205 418 407 377 
		}
		control={
			3915.000000 1759.000000 3892.000000 1769.000000 3884.000000 1755.000000 3863.000000 1756.000000 3847.000000 1764.000000 3825.000000 1791.000000 3803.000000 1804.000000 3797.000000 1815.000000 3786.000000 1834.000000 3761.000000 1828.000000 3749.000000 1818.000000 3731.000000 1808.000000 3716.000000 1793.000000 3692.000000 1776.000000 3679.000000 1762.000000 
		}
	}
	outgoing={
		name="astrakhan"
		path={
			1326 421 425 2199 2208 
		}
		control={
			3909.000000 1826.000000 3855.000000 1887.000000 3846.000000 1944.000000 
		}
	}
	members={
		436 4334 4336 2221 2235 2236 4326 417 426 2214 4339 4341 427 428 2213 2216 4337 429 433 2222 4335 4171 419 420 2202 2205 421 424 4299 4305 4340 416 2206 2207 4304 2212 2215 4300 4338 4177 4172 4179 6543 6544 6545 6779 6778 6784 6775 6795 2203 423 4301 6777 6540 6539 2234 4345 2220 432 6542 2217 4342 413 2209 2210 414 2211 6762 4324 2224 446 435 2229 2230 1035
	}
}
aleppo={
	location=377
	color={
		202 150 172 
	}
	outgoing={
		name="constantinople"
		path={
			1317 1848 322 317 1320 
		}
		control={
			3643.000000 1761.000000 3636.000000 1772.000000 3625.000000 1769.000000 3620.000000 1782.000000 3605.000000 1790.000000 3595.000000 1805.000000 3580.000000 1817.000000 3571.000000 1834.000000 3534.000000 1835.000000 3533.000000 1850.000000 
		}
	}
	outgoing={
		name="alexandria"
		path={
			1316 1315 358 
		}
		control={
			3654.000000 1737.000000 3653.000000 1722.000000 3640.000000 1698.000000 3622.000000 1692.000000 3617.239990 1670.949951 3599.000000 1656.000000 3578.000000 1654.000000 3570.000000 1648.000000 3552.000000 1661.000000 
		}
	}
	members={
		418 2306 2307 4295 4296 377 1849 2313 4298 378 382 1855 4297 407 2314 4292 332 2303 2308 4310 405 4271 327 2301 6313 6755 6769 6793 6791 6767 6766 6650 2305 331 4302 
	}
}
alexandria={
	location=358
	color={
		200 200 102 
	}
	outgoing={
		name="constantinople"
		path={
			362 363 1316 1932 318 317 1320 
		}
		control={
			3503.000000 1756.000000 3482.000000 1758.000000 3453.000000 1788.000000 3449.000000 1824.000000 3463.000000 1833.000000 3471.000000 1841.000000 3499.000000 1846.000000 
		}
	}
	outgoing={
		name="venice"
		path={
			1315 145 1773 144 143 1310 1309 1308 
		}
		control={
			3504.000000 1686.000000 3420.000000 1729.000000 3370.000000 1761.000000 3336.000000 1813.000000 3318.000000 1850.000000 3274.000000 1883.000000 3241.000000 1913.000000 
		}
	}
	outgoing={
		name="genua"
		path={
			357 1314 1313 1306 1302 1303 1298 1297 
		}
		control={
			3501.000000 1673.000000 3402.000000 1718.000000 3284.000000 1780.000000 3274.000000 1799.000000 3264.000000 1810.000000 3231.000000 1831.000000 3177.000000 1874.000000 3161.000000 1908.000000 
		}
	}
	members={
		1234 2322 2323 364 379 1854 384 2329 2330 383 2328 4268 4269 385 2331 2332 4277 4278 381 2327 365 2315 2320 2321 1233 2318 4323 358 362 363 361 2316 4316 4317 359 2317 4318 360 1231 2319 4319 4320 356 357 2325 2326 4321 4322 6629 6626 1795 6628 6753 6645 6839 6658 6754 4270 380 6768 
	}
}
astrakhan={
	location=464
	color={
		97 93 117 
	}
	inland=yes
	outgoing={
		name="kazan"
		path={
			466 303 1081 1082 
		}
		control={
			3847.000000 1974.000000 3831.000000 1988.000000 3812.000000 2008.000000 3792.000000 2015.000000 3802.000000 2038.000000 3816.000000 2073.000000 3846.000000 2088.000000 3860.000000 2109.000000 3884.000000 2110.000000 3886.000000 2117.000000 3869.000000 2118.000000 3864.000000 2129.000000 3856.000000 2136.000000 3870.000000 2150.000000 
		}
	}
	outgoing={
		name="crimea"
		path={
			468 287 1323 
		}
		control={
			3829.000000 1981.000000 3796.000000 2008.000000 3757.000000 1993.000000 3719.000000 1986.000000 3689.000000 1979.000000 3658.000000 1968.000000 3643.000000 1933.000000 3619.000000 1919.000000 
		}
	}
	members={
		288 303 465 470 474 1971 2365 2367 2366 2418 472 471 464 466 468 2416 2415 425 2198 2199 2208 4306 6685 6776 4865 4084 2726 2736 4847 299 2729 291 6507 2411 4543 298 302 4864 467 1108 6845 4866 304 6510 2197 2201 2353 2351 
	}
}
crimea={
	location=1322
	color={
		59 158 125 
	}
	outgoing={
		name="kiev"
		path={
			284 282 281 280 
		}
		control={
			3559.000000 1950.000000 3556.000000 1966.000000 3575.270020 1967.569946 3595.000000 1974.000000 3603.000000 1986.000000 3620.000000 1988.000000 3616.000000 2007.000000 3574.000000 2025.000000 
		}
	}
	outgoing={
		name="constantinople"
		path={
			1322 1321 1320 
		}
		control={
			3537.000000 1895.000000 
		}
	}
	outgoing={
		name="pest"
		path={
			4706 2998 4531 160 2746 156 1954 155 
		}
		control={
			3531.000000 1937.000000 3494.000000 1946.000000 3476.000000 1921.000000 3437.000000 1910.000000 3426.000000 1948.000000 3421.000000 1975.000000 3383.000000 1993.000000 3365.000000 1988.000000 
		}
	}
	members={
		1323 1322 462 1856 2195 284 285 2410 2447 330 422 2196 2204 4303 6627 4156 6774 6741 1756 2405 282 6737 2272 2406 1130 1974 2277 6716 2412 283 6660 2409 2417 2413 2414 287 286 463 
	}
}
constantinople={
	location=1320
	color={
		126 203 120 
	}
	outgoing={
		name="ragusa"
		path={
			149 1765 1766 138 137 
		}
		control={
			3499.000000 1846.000000 3471.000000 1841.000000 3463.000000 1833.000000 3449.000000 1824.000000 3444.000000 1791.000000 3428.000000 1776.000000 3407.000000 1753.000000 3377.000000 1762.000000 3339.000000 1823.000000 3336.000000 1863.000000 3320.000000 1880.000000 
		}
	}
	members={
		1320 149 151 1764 325 328 2299 2304 150 159 1765 2746 2750 329 1846 2300 4314 4315 316 317 2296 322 1848 4308 4311 318 319 2297 2298 4309 326 4312 4313 164 320 1319 2348 4700 4703 4704 4705 4706 4779 6593 6592 6307 6310 6316 6315 6311 6683 6860 6859 6858 6601 6604 6317 6318 323 6314 4307 6633 6707 324 2302 6312 321 6613 
	}
}
kiev={
	location=280
	color={
		98 59 75 
	}
	inland=yes
	outgoing={
		name="novgorod"
		path={
			278 292 275 311 310 
		}
		control={
			3539.000000 2084.000000 3529.000000 2109.000000 3538.000000 2143.000000 3539.000000 2184.000000 3555.000000 2222.000000 3549.000000 2234.000000 3537.000000 2250.000000 
		}
	}
	outgoing={
		name="krakow"
		path={
			279 260 262 
		}
		control={
			3507.000000 2042.000000 3465.000000 2013.000000 3413.000000 2035.000000 
		}
	}
	members={
		280 6840 290 4542 2407 6763 1944 2996 281 1943 4540 4539 1942 4247 2962 279 6634 289 1945 6661 4545 4537 278 277 1937 276 1941 4115 4544 4242 6723 4246 292 771 275 269 
	}
}
kazan={
	location=1082
	color={
		173 57 102 
	}
	inland=yes
	outgoing={
		name="novgorod"
		path={
			306 307 308 312 310 
		}
		control={
			3844.000000 2177.000000 3824.000000 2183.000000 3783.000000 2178.000000 3760.000000 2206.000000 3710.000000 2210.000000 3683.000000 2222.000000 3654.000000 2193.000000 3629.000000 2193.000000 3604.149902 2181.149902 3591.000000 2195.000000 3572.000000 2202.000000 3564.000000 2228.000000 3553.000000 2240.000000 
		}
	}
	members={
		306 1079 1083 1957 2421 4265 475 1965 2420 2444 473 1081 2423 1082 2422 4264 305 1972 4266 1077 6701 2738 4939 6691 2419 6700 2731 4852 1106 4267 6697 1753 1318 2737 4263 
	}
}
novgorod={
	location=33
	color={
		97 126 37 
	}
	outgoing={
		name="baltic_sea"
		path={
			34 36 1926 
		}
		control={
			3501.000000 2269.000000 3475.000000 2266.000000 3432.000000 2259.000000 3391.000000 2248.000000 
		}
	}
	outgoing={
		name="white_sea"
		path={
			1261 309 1652 
		}
		control={
			3541.000000 2264.000000 3548.000000 2267.000000 3562.000000 2276.000000 3581.000000 2280.000000 3599.000000 2288.000000 3616.000000 2292.000000 3631.000000 2290.000000 3645.000000 2293.000000 3679.000000 2270.000000 3717.000000 2252.000000 3765.000000 2268.000000 3793.000000 2281.000000 3816.000000 2285.000000 3818.000000 2300.000000 3798.000000 2312.000000 3791.000000 2322.000000 3778.000000 2324.000000 3754.000000 2336.000000 3734.000000 2354.000000 3738.000000 2369.000000 3720.000000 2375.000000 
		}
	}
	members={
		33 34 1961 274 1960 4148 310 311 1959 2749 4260 294 1752 4243 4248 4249 301 1778 4255 295 4251 4252 307 4147 4253 308 4117 4250 1754 1956 4254 312 4261 6695 6696 6699 6698 6692 4859 4869 6684 6605 2460 4867 4848 4849 1958 1246 309 4416 293 4245 2739 300 4116 296 6718 2408 6693 4868 297 4244 2730 6717 
	}
}
brazil={
	location=1531
	color={
		217 230 223 
	}
	outgoing={
		name="ivory_coast"
		path={
			1596 1597 1586 1585 1466 
		}
		control={
			2481.000000 979.000000 2831.000000 1070.000000 
		}
	}
	members={
		1531 750 751 753 754 755 756 757 758 759 760 761 762 763 764 765 766 768 769 2885 2891 2892 2893 2894 2896 2897 2898 2899 2906 2907 2908 2912 2913 2914 2915 2916 2917 2918 2919 2921 2922 2905 2895 2920 
	}
}
timbuktu={
	location=1132
	color={
		81 34 99 
	}
	inland=yes
	outgoing={
		name="safi"
		path={
			1127 346 344 345 
		}
		control={
			2926.000000 1489.000000 2902.090088 1592.180054 2863.000000 1621.000000 
		}
	}
	outgoing={
		name="ivory_coast"
		path={
			2263 1135 2252 2255 2257 1466 
		}
		control={
			2913.000000 1333.000000 2934.000000 1226.000000 2933.000000 1174.000000 
		}
	}
	members={
		1115 2237 2240 1122 1125 1135 1137 2265 2266 1136 2267 2252 2253 2247 1120 1121 1124 1123 1131 1132 1134 1133 1142 2243 2244 2245 2246 2248 2249 2250 2259 2260 2261 2262 2263 2264 2268 2269 2270 1127 1128 1129 2271 1143 2292 2295 1151 4056 4104 4043 2273 2723 2256 4076 1163 4077 4051 4106 6643 1164 4108 4058 4046 4784 1117 2238 6506 6512 4782 6511 6514 6500 6516 1116 2880 
	}
}
ivory_coast={
	location=1466
	color={
		50 57 141 
	}
	outgoing={
		name="carribean_trade"
		path={
			1467 1468 1579 1577 1576 1522 1520 1519 1517 1516 
		}
		control={
			2702.000000 1122.000000 
		}
	}
	outgoing={
		name="bordeaux"
		path={
			1467 1468 1470 1471 1566 1563 
		}
		control={
			2800.000000 1164.000000 2650.000000 1358.000000 2689.000000 1702.000000 2804.000000 1887.000000 
		}
	}
	outgoing={
		name="english_channel"
		path={
			1467 1468 1470 1471 1566 1563 
		}
		control={
			2790.000000 1150.000000 2629.000000 1362.000000 2678.000000 1738.000000 2845.000000 1977.000000 3016.000000 2057.000000 
		}
	}
	outgoing={
		name="sevilla"
		path={
			1467 1468 1470 1471 1566 1563 
		}
		control={
			2813.540039 1175.989990 2672.000000 1355.000000 2716.000000 1610.000000 
		}
	}
	members={
		1165 1166 1096 1466 1097 1098 1118 1119 2242 1168 1306 4078 4079 4080 1126 1139 1141 2258 1147 2289 2290 2294 1111 1167 1171 1172 2257 6639 6640 6641 6642 4052 6517 6515 4054 4059 4040 4037 4047 4044 1138 4045 4073 2254 4055 6513 4042 1140 2291 4069 4072 4071 4048 1144 1146 4038 4035 4039 6518 4041 4036 1112 1113 6505 2239 1114 2241 6638 
	}
}
tunis={
	location=341
	color={
		146 134 57 
	}
	outgoing={
		name="sevilla"
		path={
			340 339 1301 1294 1293 
		}
		control={
			3173.000000 1781.000000 3137.000000 1788.000000 3090.000000 1778.000000 3028.000000 1777.000000 2954.000000 1753.000000 
		}
	}
	outgoing={
		name="valencia"
		path={
			2455 1302 1301 1295 
		}
		control={
			3183.000000 1777.000000 3163.000000 1802.000000 3113.000000 1817.000000 3084.000000 1821.000000 3051.000000 1812.000000 3018.000000 1801.000000 
		}
	}
	outgoing={
		name="genua"
		path={
			1302 1300 1297 
		}
		control={
			3191.000000 1786.000000 3186.000000 1824.000000 3169.000000 1855.000000 3148.000000 1861.000000 3143.000000 1887.000000 
		}
	}
	members={
		355 339 340 341 350 351 352 353 354 1882 2448 2449 2450 2451 2452 2453 2454 2455 2456 2457 2458 2472 2473 2474 2954 4566 4567 6648 6664 6644 6659 4169 
	}
}
ragusa={
	location=137
	color={
		53 21 95 
	}
	outgoing={
		name="pest"
		path={
			1831 3002 4173 4126 
		}
		control={
			3330.000000 1883.000000 3345.000000 1874.000000 3367.000000 1883.000000 3384.000000 1892.000000 3373.000000 1922.000000 3358.000000 1928.000000 3329.000000 1946.000000 3327.000000 1968.000000 
		}
	}
	outgoing={
		name="venice"
		path={
			136 1308 
		}
		control={
			3284.000000 1889.000000 3247.000000 1918.000000 
		}
	}
	outgoing={
		name="genua"
		path={
			1310 1311 1307 1304 1303 1298 1297 
		}
		control={
			3328.000000 1834.000000 3301.000000 1785.000000 3274.000000 1788.000000 3274.000000 1799.000000 3272.000000 1824.000000 3242.000000 1842.000000 3181.000000 1874.000000 3162.000000 1911.000000 
		}
	}
	members={
		137 138 139 140 141 142 143 144 147 1766 1827 1831 1853 3000 3002 3001 4174 4175 4176 131 148 1828 136 1826 4239 145 146 163 1773 4702 4699 4698 4701 4750 4752 4753 4754 4757 4780 6308 6309 6681 6747 3003 6319 6750 6751 6682 1241 6306 
	}
}
safi={
	location=1110
	color={
		191 110 62 
	}
	outgoing={
		name="sevilla"
		path={
			342 1293 
		}
		control={
			2810.000000 1657.000000 2837.000000 1701.000000 2869.000000 1727.000000 
		}
	}
	members={
		344 345 346 347 348 1110 2464 2466 2467 2468 2469 2470 342 343 349 2459 2462 2463 336 337 338 2461 2465 4564 4562 4568 4563 6663 6666 6668 6669 4569 6637 6636 4167 6850 6811 6810 
	}
}
pest={
	location=153
	color={
		172 95 81 
	}
	inland=yes
	outgoing={
		name="wien"
		path={
			4240 135 
		}
		control={
			3319.000000 1999.000000 3303.000000 2002.000000 
		}
	}
	outgoing={
		name="krakow"
		path={
			2960 
		}
		control={
			3360.000000 1992.000000 3384.000000 2010.000000 3378.000000 2022.000000 3377.000000 2033.000000 
		}
	}
	members={
		135 153 1864 4126 4240 155 1953 1954 4125 154 162 1772 4236 157 158 1952 4127 156 1951 4128 152 1767 4173 4756 160 161 2998 4531 4532 6586 6587 6588 6589 6597 6598 6595 6596 6599 6591 6590 6722 6720 4155 6719 6615 6706 6680 6630 4530 268 4529 
	}
}
krakow={
	location=262
	color={
		102 31 238 
	}
	inland=yes
	outgoing={
		name="wien"
		path={
			154 1772 134 
		}
		control={
			3331.000000 2041.000000 3310.000000 2027.000000 3304.000000 2016.000000 
		}
	}
	outgoing={
		name="saxony"
		path={
			263 264 1763 
		}
		control={
			3313.000000 2058.000000 3265.000000 2072.000000 
		}
	}
	outgoing={
		name="baltic_sea"
		path={
			258 255 1859 43 1927 1926 
		}
		control={
			3378.000000 2054.000000 3388.000000 2071.000000 3373.000000 2091.000000 3349.000000 2091.000000 3316.000000 2109.000000 3330.000000 2136.000000 3339.000000 2155.000000 3314.409912 2198.530029 3323.000000 2219.000000 
		}
	}
	members={
		258 259 260 261 262 263 264 1940 256 257 1938 1939 254 255 2424 2959 2960 2961 2966 4238 2963 1859 4523 4524 4526 4528 4525 4527 4541 4723 6594 6631 6632 6724 6725 4538 4237 
	}
}
wien={
	location=134
	color={
		220 220 220 
	}
	inland=yes
	outgoing={
		name="venice"
		path={
			132 128 1769 1308 
		}
		control={
			3291.000000 1985.000000 3277.000000 1974.000000 3250.000000 1969.000000 3225.000000 1956.000000 
		}
	}
	outgoing={
		name="rheinland"
		path={
			133 64 1757 67 66 79 1876 
		}
		control={
			3261.000000 2003.000000 3236.000000 2012.000000 3213.000000 2022.000000 3177.000000 2011.000000 3150.000000 2025.000000 
		}
	}
	outgoing={
		name="saxony"
		path={
			1770 267 266 1771 61 59 
		}
		control={
			3277.000000 2013.000000 3264.000000 2023.000000 3254.000000 2042.000000 3246.939941 2062.560059 
		}
	}
	members={
		64 65 76 128 132 133 134 1757 1770 1863 2955 2956 2957 68 1868 70 1872 73 110 1768 4707 4708 4709 4710 4711 4713 4758 4759 4760 4761 4762 265 4726 6625 6705 6736 6745 6744 71 4715 67 4717 66 79 166 1869 1870 6732 4722 6582 1873 129 6624 4751 6623 4718 267 2968 4725 266 6726 165 
	}
}
saxony={
	location=59
	color={
		36 182 69 
	}
	inland=yes
	outgoing={
		name="rheinland"
		path={
			62 63 79 81 1876 
		}
		control={
			3207.000000 2070.000000 3186.000000 2061.000000 3174.000000 2044.000000 
		}
	}
	outgoing={
		name="lubeck"
		path={
			58 52 51 46 45 
		}
		control={
			3222.000000 2083.000000 3208.000000 2088.000000 3206.000000 2101.000000 3187.000000 2110.000000 
		}
	}
	members={
		49 50 57 62 63 1758 51 60 61 1759 1763 1771 52 58 59 2964 2965 2967 2971 2969 2970 2993 4724 4741 4742 4743 4744 4748 4773 4778 4786 4716 4774 81 1762 6733 82 2972 6714 4775 86 56 2973 
	}
}
baltic_sea={
	location=1926
	color={
		8 82 165 
	}
	outgoing={
		name="lubeck"
		path={
			1255 1257 45 
		}
		control={
			3319.000000 2216.000000 3289.000000 2162.000000 3264.000000 2144.000000 3228.000000 2147.000000 3208.000000 2138.000000 
		}
	}
	members={
		1926 1 2 3 4 5 1985 8 9 11 18 19 25 27 28 29 31 35 37 38 39 40 271 273 1930 1935 1936 41 42 43 1841 767 2958 2997 4113 4114 4123 4152 4166 270 36 1834 1842 4241 4534 6618 6617 6616 6614 6612 6690 4151 7 4163 4164 4124 30 32 4535 4536 272 770 6665 
	}
}
rheinland={
	location=1876
	color={
		114 171 184 
	}
	inland=yes
	outgoing={
		name="champagne"
		path={
			83 1760 80 188 187 186 
		}
		control={
			3128.000000 2046.000000 3108.000000 2036.000000 3096.000000 2021.000000 3073.000000 2021.000000 
		}
	}
	outgoing={
		name="lubeck"
		path={
			1762 57 53 1857 45 
		}
		control={
			3154.000000 2061.000000 3161.000000 2087.000000 3177.000000 2097.000000 
		}
	}
	members={
		6710 4712 72 1880 4765 75 74 4714 1761 4767 77 6743 1760 78 1878 4768 6738 83 84 2975 69 85 80 1876 
	}
}
carribean_trade={
	location=1516
	color={
		190 117 152 
	}
	outgoing={
		name="chesapeake_bay"
		path={
			1524 1503 1502 1501 1500 
		}
		control={
			1664.000000 1426.000000 1676.000000 1464.000000 1599.000000 1520.000000 1583.000000 1608.000000 1658.000000 1738.000000 
		}
	}
	outgoing={
		name="bordeaux"
		path={
			488 490 1526 1575 1583 1580 1567 1563 
		}
		control={
			1704.000000 1459.000000 1868.000000 1512.000000 2564.000000 1761.000000 2815.000000 1913.000000 
		}
	}
	outgoing={
		name="sevilla"
		path={
			488 490 1526 1575 1583 1580 1567 1563 
		}
		control={
			1732.000000 1403.000000 1804.000000 1428.000000 1928.000000 1470.000000 2266.000000 1576.000000 2716.000000 1710.000000 
		}
	}
	members={
		927 928 2534 926 2535 2536 484 485 2656 486 2654 2655 488 489 490 2658 2659 487 481 491 492 482 483 493 494 495 496 1881 497 498 499 500 501 830 2807 2813 741 831 2808 834 2805 2809 2810 2939 1516 4626 4625 4624 4622 4623 4619 4618 4620 4621 4616 4615 4612 4613 4609 4611 4614 4610 6558 6562 6563 
	}
}
chesapeake_bay={
	location=1500
	color={
		193 26 14 
	}
	outgoing={
		name="st_lawrence"
		path={
			965 963 969 2012 986 1490 
		}
		control={
			1723.000000 1842.000000 1939.000000 1945.000000 
		}
	}
	outgoing={
		name="english_channel"
		path={
			1570 1572 1582 1568 1564 1563 
		}
		control={
			1860.000000 1817.000000 2216.000000 1909.000000 2709.000000 1957.000000 2884.000000 2019.000000 3006.000000 2055.000000 
		}
	}
	members={
		1500 930 931 2537 2538 929 2539 2540 932 933 2541 2542 2543 937 2544 2545 938 2546 2547 935 936 2548 949 2011 2552 950 952 2549 2550 953 969 2553 2554 955 956 957 962 2023 963 965 2558 2639 967 2010 2560 966 968 2561 970 2562 2564 4874 4877 4878 4879 4880 4881 4882 4644 2618 4648 2614 4647 4650 
	}
}
st_lawrence={
	location=1490
	color={
		193 192 14 
	}
	outgoing={
		name="north_sea"
		path={
			1493 1496 1497 1498 1478 1476 1282 1975 
		}
		control={
			1917.000000 2026.000000 1981.000000 2068.000000 2025.000000 2082.000000 2135.000000 2099.000000 2466.000000 2158.000000 2830.000000 2248.000000 2958.000000 2254.000000 
		}
	}
	outgoing={
		name="bordeaux"
		path={
			1491 1494 1495 1565 1564 1479 1563 
		}
		control={
			2000.000000 1965.000000 2200.000000 1967.000000 2785.000000 1947.000000 
		}
	}
	members={
		996 2576 2577 2578 986 994 995 2582 2583 990 993 2584 2012 971 2013 2565 2566 2567 985 2570 2571 2572 980 981 2573 997 2574 2575 992 2579 2580 2581 2559 2563 982 983 984 2568 2569 1490 4871 4873 4890 4891 4892 4893 4894 4895 4896 4897 4912 4924 
	}
}
white_sea={
	location=1652
	color={
		210 46 28 
	}
	outgoing={
		name="north_sea"
		path={
			1263 1264 1265 1929 1266 1975 
		}
		control={
			3696.000000 2404.000000 3725.000000 2463.000000 3469.000000 2553.000000 3301.000000 2515.000000 3187.000000 2437.000000 3173.280029 2380.699951 3082.000000 2322.000000 3067.739990 2262.260010 
		}
	}
	members={
		1777 1776 4258 313 1955 4122 4257 1964 4256 1755 6689 4259 1962 4262 314 6808 4129 1963 1652 
	}
}
north_sea={
	location=1975
	color={
		117 165 188 
	}
	outgoing={
		name="english_channel"
		path={
			1270 236 
		}
		control={
			3057.000000 2151.000000 
		}
	}
	outgoing={
		name="lubeck"
		path={
			1266 1267 1259 1258 45 
		}
		control={
			3079.000000 2233.000000 3124.000000 2213.000000 3184.000000 2239.000000 3200.000000 2183.000000 3217.000000 2179.000000 3223.000000 2169.000000 3221.000000 2162.000000 3220.000000 2150.000000 3209.000000 2139.000000 
		}
	}
	members={
		1975 1266 1280 1281 1282 1929 4153 248 249 251 4361 4362 253 4364 4365 250 252 369 4110 4363 375 376 4119 373 374 4120 4379 372 4121 4380 4118 4377 4378 10 20 21 1978 1979 370 371 23 24 2752 4145 6830 6831 6674 6715 4144 17 22 4143 315 16 1105 4146 1104 1804 
	}
}
lubeck={
	location=45
	color={
		190 70 70 
	}
	outgoing={
		name="english_channel"
		path={
			1857 44 1268 1269 1744 
		}
		control={
			3171.000000 2117.000000 3132.000000 2134.000000 3078.000000 2114.000000 
		}
	}
	members={
		6 12 13 14 15 26 44 45 46 47 48 53 54 55 1775 1857 1874 1858 1981 1982 1983 1984 2994 2995 4141 4142 4149 4165 4749 4745 4746 4771 4772 6581 6740 4747 
	}
}
bordeaux={
	location=1276
	color={
		36 132 247 
	}
	outgoing={
		name="champagne"
		path={
			1275 172 178 184 185 
		}
		control={
			2976.000000 1947.000000 2982.000000 1942.000000 2984.000000 1935.000000 2992.000000 1929.000000 3008.000000 1959.000000 3011.000000 1979.000000 3035.000000 1997.000000 3037.000000 2012.000000 
		}
	}
	members={
		1276 195 169 170 171 172 4384 194 198 4112 180 4111 4386 4387 173 209 210 174 175 176 177 178 4389 4694 4697 6620 6603 6584 6607 6606 6602 6611 1745 207 
	}
}
sevilla={
	location=1293
	color={
		57 160 101 
	}
	outgoing={
		name="valencia"
		path={
			4546 223 222 221 1295 
		}
		control={
			2883.000000 1762.000000 2892.000000 1782.000000 2921.330078 1793.119995 2934.000000 1794.000000 2933.000000 1813.000000 2930.000000 1829.000000 2936.000000 1845.000000 2956.000000 1851.000000 2971.000000 1859.000000 2990.000000 1861.000000 2999.000000 1854.000000 2999.000000 1841.000000 2991.000000 1828.000000 
		}
	}
	members={
		206 208 1746 215 216 231 232 1293 217 218 219 221 222 223 224 225 226 227 228 229 230 334 335 367 1747 1748 1749 1751 1851 2754 2755 2751 4150 4546 4547 4548 4551 4552 4553 4554 4555 4556 4558 4561 368 366 4565 4787 4788 4789 6635 6667 6746 6756 6757 6687 6749 6677 2989 
	}
}
champagne={
	location=186
	color={
		193 26 14 
	}
	inland=yes
	outgoing={
		name="genua"
		path={
			187 193 203 204 201 1297 
		}
		control={
			3073.000000 2003.000000 3093.000000 2002.000000 3089.000000 1978.000000 3083.000000 1961.000000 3084.000000 1950.000000 3098.000000 1948.000000 3119.000000 1947.000000 3132.000000 1949.000000 3144.000000 1946.000000 3158.000000 1946.000000 
		}
	}
	outgoing={
		name="english_channel"
		path={
			181 1866 92 1744 1269 
		}
		control={
			3059.000000 2034.000000 3050.000000 2055.000000 
		}
	}
	members={
		182 183 185 4388 179 184 4776 181 186 4390 187 188 189 1867 1871 94 191 192 193 1877 4392 203 204 205 4719 4720 4721 4764 4766 6622 6600 6609 6610 6708 6851 4391 199 6649 190 4777 6730 6721 4533 6694 
	}
}
valencia={
	location=1295
	color={
		87 70 168 
	}
	outgoing={
		name="genua"
		path={
			213 1296 1297 
		}
		control={
			3014.000000 1841.000000 3033.000000 1854.000000 3060.000000 1871.000000 3056.000000 1890.000000 3078.000000 1897.000000 3109.000000 1889.000000 
		}
	}
	members={
		1295 197 212 213 2987 2988 220 1750 4549 4550 211 214 2990 4557 333 4559 4560 196 200 2753 4695 6608 201 202 4696 2991 4154 6688 
	}
}
genua={
	location=1298
	color={
		218 215 56 
	}
	members={
		1298 124 125 126 2982 115 116 117 2978 2980 123 1934 2984 101 102 2992 103 1875 2981 127 1247 2986 4727 4735 4736 4737 118 2976 4731 4732 121 2983 4734 104 2979 4728 4740 6585 6679 
	}
	end=yes
}
venice={
	location=1308
	color={
		54 167 156 
	}
	members={
		105 106 107 108 109 111 112 113 114 119 120 122 130 1308 1769 1774 1933 2977 2985 4729 4730 4733 4738 4739 1862 4755 
	}
	end=yes
}
english_channel={
	location=1269
	color={
		220 138 57 
	}
	members={
		1269 1270 1271 167 168 1879 4385 87 88 89 1743 241 242 4366 4369 245 4367 4368 4785 239 240 4372 243 1860 1861 4370 4376 233 234 4130 4373 4374 235 236 237 238 4371 92 95 98 99 2974 96 97 4383 100 1931 4381 4382 90 1744 1865 4769 4770 1742 6583 6619 6709 6711 6712 6713 91 1866 93 4375 244 247 246 
	}
	end=yes
}
